Value	ISOCODE	UNSDCODE	NAME0	CIESINCODE	DATATYPE	DATACODE	DATAYEAR	DATALEVEL	SEXLEVEL	AGELEVEL	GRSTART	GREND	GRLEVEL	LASTCENSUS	MEANUNITKM
4	AFG	4	Afghanistan	4	Population estimate/projection	6	2011	2	2	0	1998	2011	1	1979	4507.466751
8	ALB	8	Albania	8	Final census	1	2011	3	1	1	2001	2011	3	2011	115.9498354
12	DZA	12	Algeria	12	Final census	1	2008	2	2	2	1998	2008	2	2008	50884.79488
16	ASM	16	American Samoa	16	Final census	1	2010	3	3	3	2000	2010	3	2010	7.612468451
20	AND	20	Andorra	20	Population register	5	2010	1	1	1	2000	2010	1	2011	79.90282249
24	AGO	24	Angola	24	Preliminary/provisional census	4	2014	2	2	0	2006	2014	1	2014	17505.19519
28	ATG	28	Antigua and Barbuda	28	Final census	1	2011	1	1	1	2001	2011	1	2011	82.24028143
31	AZE	31	Azerbaijan	31	Final census	1	2009	1	1	1	1999	2009	1	2009	1431.939755
32	ARG	32	Argentina	32	Final census	1	2010	2	2	2	2001	2010	2	2010	14167.92426
36	AUS	36	Australia	36	Final census	1	2011	5	5	5	2001	2011	4	2016	73230.76029
40	AUT	40	Austria	40	Population register	5	2012	4	4	4	2001	2012	4	2011	74.38597591
44	BHS	44	Bahamas	44	Final census	1	2010	1	1	1	2000	2010	1	2010	2425.904723
48	BHR	48	Bahrain	48	Final census	1	2010	1	1	0	2001	2010	1	2010	236.7749005
50	BGD	50	Bangladesh	50	Final census	1	2011	3	3	3	2001	2011	2	2011	389.9270283
51	ARM	51	Armenia	51	Final census	1	2011	3	3	3	2001	2011	2	2011	847.810558
52	BRB	52	Barbados	52	Final census	1	2010	1	1	1	2000	2010	1	2010	43.01802245
56	BEL	56	Belgium	56	Population register	5	2014	4	4	4	2002	2014	4	2011	78.83905686
60	BMU	60	Bermuda	60	Final census	1	2010	1	1	1	2000	2010	1	2010	8.192353031
64	BTN	64	Bhutan	64	Final census	1	2005	2	2	2	2005	2010	1	2005	598.6397641
68	BOL	68	Bolivia (Plurinational State of)	68	Final census	1	2012	3	3	3	2001	2012	3	2012	16539.95947
70	BIH	70	Bosnia and Herzegovina	70	Final census	1	2013	3	3	3	2003	2013	1	2013	563.6611079
72	BWA	72	Botswana	72	Final census	1	2011	2	2	0	2001	2011	2	2011	39354.19035
76	BRA	76	Brazil	76	Final census	1	2010	5	5	5	2000	2010	2	2010	1886.892649
84	BLZ	84	Belize	84	Final census	1	2010	1	1	1	2000	2010	1	2010	4184.486525
90	SLB	90	Solomon Islands	90	Final census	1	2009	4	4	4	1999	2009	1	2009	91.17955422
92	VGB	92	British Virgin Islands	92	Final census	1	2010	1	1	1	1991	2001	1	2010	38.95106104
96	BRN	96	Brunei Darussalam	96	Final census	1	2011	2	2	2	2001	2011	1	2011	454.7918829
100	BGR	100	Bulgaria	100	Final census	1	2011	2	2	2	2001	2011	1	2011	568.1950067
104	MMR	104	Myanmar	104	Final census	1	2014	3	3	2	2002	2014	1	2014	2917.599311
108	BDI	108	Burundi	108	Final census	1	2008	2	2	2	1999	2008	2	2008	265.1225877
112	BLR	112	Belarus	112	Final census	1	2009	2	2	1	1999	2009	2	2009	1921.868091
116	KHM	116	Cambodia	116	Final census	1	2008	3	3	3	1998	2008	3	2008	472.5298098
120	CMR	120	Cameroon	120	Final census	1	2005	2	2	2	1987	2005	2	2005	17306.1465
124	CAN	124	Canada	124	Final census	1	2011	5	3	3	2006	2011	2	2016	111089.7423
132	CPV	132	Cape Verde	132	Final census	1	2010	2	2	2	2000	2010	2	2010	314.1629559
136	CYM	136	Cayman Islands	136	Final census	1	2010	1	1	1	1999	2010	1	2010	63.42095436
140	CAF	140	Central African Republic	140	Population estimate/projection	6	2012	3	0	0	2003	2010	1	2003	13719.46787
144	LKA	144	Sri Lanka	144	Final census	1	2012	4	4	4	2001	2012	3	2012	47.96567889
148	TCD	148	Chad	148	Final census	1	2009	2	2	1	1993	2009	1	2009	70637.39638
152	CHL	152	Chile	152	Population estimate/projection	6	2010	3	3	3	2002	2010	3	2012	12827.11832
156	CHN	156	China	156	Final census	1	2010	4	4	3	2000	2010	2	2010	10756.48729
158	TWN	158	Taiwan	158	Final census	1	2010	2	2	1	2000	2010	1	2010	418.6814964
170	COL	170	Colombia	170	Final census	1	2005	2	1	1	1993	2005	2	2005	10950.59104
174	COM	174	Comoros	174	Population estimate/projection	6	2013	1	1	1	2003	2013	1	2003	747.6835819
175	MYT	175	Mayotte	175	Final census	1	2012	1	1	1	2002	2012	1	2012	28.1670958
178	COG	178	Congo	178	Final census	1	2007	1	1	1	2007	2010	1	2007	42614.38581
180	COD	180	Democratic Republic of the Congo	180	Population estimate/projection	6	2008	3	0	0	1998	2008	1	1984	21383.7208
184	COK	184	Cook Islands	184	Final census	1	2011	3	3	3	2001	2011	2	2016	18.38976238
188	CRI	188	Costa Rica	188	Final census	1	2011	3	3	3	2000	2011	3	2011	436.3080865
191	HRV	191	Croatia	191	Final census	1	2011	2	2	2	2001	2011	2	2011	224.7423391
192	CUB	192	Cuba	192	Final census	1	2012	2	2	1	2002	2012	2	2012	1026.823677
196	CYP	196	Cyprus	196	Final census	1	2011	2	2	2	2001	2011	2	2011	1139.824374
203	CZE	203	Czech Republic	203	Final census	1	2011	3	3	3	2001	2011	3	2011	34.18798341
204	BEN	204	Benin	204	Final census	1	2013	2	2	2	2002	2013	2	2013	3456.121726
208	DNK	208	Denmark	208	Population register	5	2010	3	3	3	2007	2010	3	2011	33.2473933
212	DMA	212	Dominica	212	Preliminary/provisional census	4	2011	1	1	0	2001	2011	1	2011	111.2869265
214	DOM	214	Dominican Republic	214	Final census	1	2010	4	4	4	2002	2010	3	2010	277.1240587
218	ECU	218	Ecuador	218	Final census	1	2010	3	3	3	2001	2010	1	2010	1460.578889
222	SLV	222	El Salvador	222	Final census	1	2007	2	2	2	1992	2007	2	2007	170.8261833
226	GNQ	226	Equatorial Guinea	226	Preliminary/provisional census	4	2015	2	2	0	2001	2015	2	2015	6387.129878
231	ETH	231	Ethiopia	231	Final census	1	2007	3	3	3	1994	2007	1	2007	5119.696574
232	ERI	232	Eritrea	232	Population estimate/projection	6	2012	1	0	0	2001	2012	1	1997	26701.57506
233	EST	233	Estonia	233	Final census	1	2011	3	3	3	2000	2011	2	2011	23.80706931
234	FRO	234	Faeroe Islands	234	Population register	5	2010	3	3	3	2000	2010	3	2011	20.11171821
238	FLK	238	Falkland Islands (Malvinas)	238	Final census	1	2012	1	1	1	2006	2012	1	2006	4839.869391
242	FJI	242	Fiji	242	Final census	1	2007	3	3	3	1996	2007	1	2007	61.76959883
246	FIN	246	Finland	246	Population register	5	2011	2	2	2	2011	2012	2	2010	3674.647673
248	ALA	0	Aland Islands	248	Population register	5	2010	1	1	1	2000	2010	1	2010	102.963662
250	FRA	250	France	250	Final census	1	2009	5	4	4	1999	2009	4	2015	29.47804155
254	GUF	254	French Guiana	254	Population register	5	2009	2	2	2	1999	2009	2	2015	8997.202226
258	PYF	258	French Polynesia	258	Final census	1	2007	3	3	3	2002	2007	3	2012	62.94894943
262	DJI	262	Djibouti	262	Final census	1	2009	1	0	0	1998	2009	1	2009	5156.756915
266	GAB	266	Gabon	266	Final census	1	2003	2	0	0	1993	2003	1	2013	8464.539124
268	GEO	268	Georgia	268	Final census	1	2014	2	2	0	2002	2014	2	2014	1334.548925
270	GMB	270	Gambia	270	Preliminary/provisional census	4	2013	2	2	0	2003	2013	2	2013	536.1810121
275	PSE	275	State of Palestine	275	Preliminary/provisional census	4	2007	2	2	2	1997	2007	2	2007	5287.808802
276	DEU	276	Germany	276	Population register	5	2011	3	3	2	2002	2011	2	2011	80.47753947
288	GHA	288	Ghana	288	Final census	1	2010	2	2	1	2000	2010	2	2010	2923.615048
292	GIB	292	Gibraltar	292	Final census	1	2012	0	0	0	2001	2012	0	2012	7.973392528
296	KIR	296	Kiribati	296	Final census	1	2010	3	3	0	2005	2010	1	2010	547.0350584
300	GRC	300	Greece	300	Final census	1	2011	5	3	3	2001	2011	1	2011	49.46971832
304	GRL	304	Greenland	304	Population register	5	2010	3	3	3	2000	2010	3	2010	52140.00946
308	GRD	308	Grenada	308	Preliminary/provisional census	4	2011	1	0	0	2001	2011	1	2011	59.84901803
312	GLP	312	Guadeloupe	312	Population register	5	2009	2	2	2	1999	2009	2	2015	69.44763495
316	GUM	316	Guam	316	Final census	1	2010	3	3	3	2000	2010	1	2015	11.72383727
320	GTM	320	Guatemala	320	Population estimate/projection	6	2010	2	2	0	2010	2015	2	2002	2048.313949
324	GIN	324	Guinea	324	Final census	1	2014	3	3	0	1996	2014	3	2014	1315.798525
328	GUY	328	Guyana	328	Final census	1	2002	2	1	1	2002	2012	1	2012	22202.93355
332	HTI	332	Haiti	332	Final census	1	2003	4	4	0	2003	2009	4	2003	76.89690242
336	VAT	336	Holy See	336	Population estimate/projection	6	2013	0	-9999	-9999	2012	2013	0	2009	0.26985085
340	HND	340	Honduras	340	Final census	1	2013	3	3	3	2001	2013	2	2013	433.656702
344	HKG	344	China Hong Kong Special Administrative Region	344	Final census	1	2011	3	3	3	2006	2011	2	2011	40.95188951
348	HUN	348	Hungary	348	Final census	1	2011	4	4	4	2010	2011	3	2011	71.7743663
352	ISL	352	Iceland	352	Population register	5	2010	2	2	2	2000	2010	2	2011	3031.915052
356	IND	356	India	356	Final census	1	2011	3	3	2	2001	2011	2	2011	1801.812111
360	IDN	360	Indonesia	360	Final census	1	2010	3	3	3	2000	2010	3	2010	12114.0819
364	IRN	364	Iran (Islamic Republic of)	364	Final census	1	2011	2	1	0	2006	2011	2	2016	12472.90275
368	IRQ	368	Iraq	368	Population estimate/projection	6	2003	2	0	0	1997	2011	1	1997	31805.50291
372	IRL	372	Ireland	372	Final census	1	2011	4	4	4	2006	2011	3	2016	16.7396595
376	ISR	376	Israel	376	Final census	1	2008	3	3	3	2001	2008	2	2008	1895.229549
380	ITA	380	Italy	380	Final census	1	2011	4	4	4	2001	2011	3	2011	24.52736782
384	CIV	384	Cote d'Ivoire	384	Final census	1	2014	4	4	0	1998	2014	3	2014	1226.860496
388	JAM	388	Jamaica	388	Final census	1	2011	1	1	1	2001	2011	1	2011	931.5267607
392	JPN	392	Japan	392	Final census	1	2010	2	2	2	2005	2010	1	2010	495.9488997
398	KAZ	398	Kazakhstan	398	Final census	1	2009	2	2	2	1999	2009	2	2009	31755.77549
400	JOR	400	Jordan	400	Final census	1	2004	3	3	1	1994	2004	1	2015	14973.76113
404	KEN	404	Kenya	404	Final census	1	2009	5	5	2	1999	2009	1	2009	976.1877823
408	PRK	408	Democratic People's Republic of Korea	408	Final census	1	2008	2	2	1	2001	2008	1	2008	952.8111439
410	KOR	410	Republic of Korea	410	Final census	1	2010	2	2	2	2000	2010	2	2015	735.0211982
414	KWT	414	Kuwait	414	Final census	1	2005	1	1	1	1995	2005	1	2011	10190.27885
417	KGZ	417	Kyrgyzstan	417	Final census	1	2009	2	2	2	1999	2009	1	2009	6976.636298
418	LAO	418	Lao People's Democratic Republic	418	Final census	1	2005	3	3	3	1995	2005	2	2015	100.5009358
422	LBN	422	Lebanon	422	Population estimate/projection	6	2002	3	0	0	1996	2002	2	1932	37.94382511
426	LSO	426	Lesotho	426	Final census	1	2006	2	2	2	1996	2006	1	2006	740.8876013
428	LVA	428	Latvia	428	Final census	1	2011	2	2	2	2011	2013	2	2011	991.1059184
430	LBR	430	Liberia	430	Final census	1	2008	2	2	1	1984	2008	1	2008	1228.855269
434	LBY	434	Libya	434	Final census	1	2006	1	0	0	1995	2006	0	2006	212115.3364
438	LIE	438	Liechtenstein	438	Final census	1	2010	1	1	1	2010	2013	1	2015	23.17218329
440	LTU	440	Lithuania	440	Final census	1	2011	2	2	2	2001	2011	2	2011	1366.862042
442	LUX	442	Luxembourg	442	Final census	1	2011	4	3	3	2001	2011	3	2011	30.10202664
446	MAC	446	China Macao Special Administrative Region	446	Final census	1	2011	3	3	3	2006	2011	3	2011	6.818641684
450	MDG	450	Madagascar	450	Population estimate/projection	6	2010	4	0	0	2003	2010	3	1993	1118.075327
454	MWI	454	Malawi	454	Final census	1	2008	3	3	3	1998	2008	2	2008	185.3266048
458	MYS	458	Malaysia	458	Final census	1	2010	3	3	3	2000	2010	2	2010	4858.81565
462	MDV	462	Maldives	462	Final census	1	2006	2	2	2	2000	2006	2	2014	4.718325149
466	MLI	466	Mali	466	Final census	1	2009	4	4	1	1998	2009	3	2009	79610.37756
470	MLT	470	Malta	470	Final census	1	2011	2	2	2	2005	2011	2	2011	10.67203865
474	MTQ	474	Martinique	474	Population register	5	2009	2	2	2	1999	2009	2	2015	39.2841879
478	MRT	478	Mauritania	478	Final census	1	2013	3	3	0	2000	2013	3	2013	74902.9438
480	MUS	480	Mauritius	480	Final census	1	2011	3	3	3	2000	2011	1	2011	21.99522563
484	MEX	484	Mexico	484	Final census	1	2010	3	3	3	2005	2010	2	2010	341.1049675
492	MCO	492	Monaco	492	Population estimate/projection	6	2008	2	2	0	2000	2008	2	2016	1.03455542
496	MNG	496	Mongolia	496	Final census	1	2010	2	2	1	2000	2010	1	2010	8147.141602
498	MDA	498	Republic of Moldova	498	Final census	1	2004	1	1	1	1989	2004	1	2014	947.4927799
499	MNE	499	Montenegro	499	Final census	1	2011	1	1	1	2003	2011	1	2011	976.0034608
500	MSR	500	Montserrat	500	Final census	1	2011	2	2	2	2001	2011	0	2011	50.13255442
504	MAR	504	Morocco	504	Final census	1	2014	3	3	3	2004	2014	2	2014	1536.774064
508	MOZ	508	Mozambique	508	Final census	1	2007	3	3	3	1997	2007	3	2007	3463.347327
512	OMN	512	Oman	512	Final census	1	2010	2	2	2	2003	2010	2	2010	23405.88791
516	NAM	516	Namibia	516	Final census	1	2011	3	2	2	2001	2011	2	2011	3652.724365
520	NRU	520	Nauru	520	Final census	1	2011	1	0	0	2002	2011	1	2011	1.997100417
524	NPL	524	Nepal	524	Final census	1	2011	4	4	4	2001	2011	3	2011	193.4570652
528	NLD	528	Netherlands	528	Population register	5	2011	2	2	2	2001	2011	2	2011	145.2066302
531	CUW	531	Curacao	531	Final census	1	2011	1	1	0	2001	2011	1	2011	19.651453
533	ABW	533	Aruba	533	Final census	1	2010	2	2	2	2000	2010	2	2010	6.481013295
534	SXM	534	Sint Maarten (Dutch part)	534	Final census	1	2011	1	1	1	2001	2011	1	0	9.492578724
535	BES	535	Bonaire Saint Eustatius and Saba	535	Population register	5	2010	1	1	1	2001	2010	1	2001	220.1850918
540	NCL	540	New Caledonia	540	Final census	1	2009	3	3	3	2004	2009	3	2014	752.2737261
548	VUT	548	Vanuatu	548	Final census	1	2009	3	3	3	1999	2009	1	2016	89.14322495
554	NZL	554	New Zealand	554	Final census	1	2013	3	3	1	2006	2013	1	2013	269.5249187
558	NIC	558	Nicaragua	558	Final census	1	2005	2	2	2	1995	2005	2	2005	2716.045134
562	NER	562	Niger	562	Final census	1	2012	2	2	2	2001	2012	2	2012	112392.055
566	NGA	566	Nigeria	566	Final census	1	2006	2	2	2	1991	2006	1	2006	2898.284848
570	NIU	570	Niue	570	Final census	1	2011	1	1	0	2006	2011	1	2011	31.98217856
574	NFK	0	Norfolk Island	574	Final census	1	2011	1	1	1	2001	2011	1	2016	33.55050252
578	NOR	578	Norway	578	Population register	5	2011	2	2	2	2001	2011	2	2011	1836.602677
580	MNP	580	Northern Mariana Islands	580	Final census	1	2010	2	2	2	2000	2010	1	2010	19.19799036
583	FSM	583	Micronesia (Federated States of)	583	Final census	1	2010	3	3	2	2000	2010	3	2010	5.483314377
584	MHL	584	Marshall Islands	584	Final census	1	2011	1	0	0	1999	2011	1	2011	15.74015811
585	PLW	585	Palau	585	Final census	1	2005	1	1	1	2000	2005	1	2015	50.35500679
586	PAK	586	Pakistan	586	Population estimate/projection	6	2010	3	3	3	1998	2010	3	2008	6682.8961
591	PAN	591	Panama	591	Final census	1	2010	3	3	3	2000	2010	1	2010	478.9700301
598	PNG	598	Papua New Guinea	598	Final census	1	2011	2	2	0	2000	2011	2	2011	15589.31159
600	PRY	600	Paraguay	600	Population estimate/projection	6	2010	2	2	2	2002	2010	2	2012	21892.44269
604	PER	604	Peru	604	Final census	1	2007	3	3	3	1993	2007	3	2007	6780.033315
608	PHL	608	Philippines	608	Final census	1	2010	3	3	3	2007	2010	2	2015	51.21813025
612	PCN	0	Pitcairn	612	Final census	1	2008	0	0	0	2000	2008	0	2015	54.43437195
616	POL	616	Poland	616	Final census	1	2011	4	4	4	2002	2011	4	2011	172.8083245
620	PRT	620	Portugal	620	Final census	1	2011	6	6	5	2001	2011	4	2011	11.42142079
624	GNB	624	Guinea-Bissau	624	Final census	1	2009	2	2	1	1991	2009	2	2009	1219.237482
626	TLS	626	Timor-Leste	626	Final census	1	2010	3	3	3	2004	2010	3	2015	76.70621979
630	PRI	630	Puerto Rico	630	Final census	1	2010	4	4	4	2000	2010	2	2010	1.101112215
634	QAT	634	Qatar	634	Final census	1	2010	2	2	0	2004	2010	2	2015	933.7881919
638	REU	638	Reunion	638	Population register	5	2009	2	2	2	1999	2009	2	2015	139.584717
642	ROU	642	Romania	642	Final census	1	2011	4	4	4	2002	2011	3	2011	114.9563762
643	RUS	643	Russian Federation	643	Final census	1	2010	3	1	1	2002	2010	1	2010	201128.5492
646	RWA	646	Rwanda	646	Final census	1	2012	3	3	3	2002	2012	3	2012	78.08412577
652	BLM	0	Saint-Barthelemy	652	Population register	5	2009	0	0	0	1999	2009	0	2015	24.68903732
654	SHN	654	Saint Helena	654	"Final census, population register"	2	2014	2	2	2	1998	2008	1	2016	77.26755617
659	KNA	659	Saint Kitts and Nevis	659	Final census	1	2001	2	2	2	1991	2001	2	2011	21.97007756
660	AIA	660	Anguilla	660	Preliminary/provisional census	4	2011	0	0	0	2001	2011	0	2011	82.29259491
662	LCA	662	Saint Lucia	662	Final census	1	2010	1	1	1	2001	2010	1	2010	71.51135604
663	MAF	0	Saint-Martin (French part)	663	Population register	5	2009	0	0	0	1999	2009	0	2015	49.19289831
666	SPM	666	Saint Pierre and Miquelon	666	Final census	1	2009	1	1	1	1999	2009	1	2015	170.2679538
670	VCT	670	Saint Vincent and the Grenadines	670	Final census	1	2012	1	1	1	2001	2012	1	2012	39.74858261
674	SMR	674	San Marino	674	Preliminary/provisional census	4	2010	1	1	0	2000	2010	1	2010	7.027971832
678	STP	678	Sao Tome and Principe	678	Final census	1	2012	2	2	2	2001	2012	2	2012	191.1437838
682	SAU	682	Saudi Arabia	682	Final census	1	2010	2	2	1	2004	2010	1	2010	103620.9175
686	SEN	686	Senegal	686	Final census	1	2013	2	2	0	2002	2013	0	2013	8458.223838
688	SRB	688	Serbia	688	Final census	1	2011	5	5	5	2002	2011	3	2011	43.24934259
690	SYC	690	Seychelles	690	Final census	1	2010	2	2	2	2002	2010	2	2010	177.1615637
694	SLE	694	Sierra Leone	694	Final census	1	2004	3	3	1	1985	2004	2	2015	773.1057268
702	SGP	702	Singapore	702	Final census	1	2010	2	2	2	2000	2010	2	2010	19.95205902
703	SVK	703	Slovakia	703	Final census	1	2011	3	3	3	2001	2011	3	2011	36.57065291
704	VNM	704	Viet Nam	704	Final census	1	2009	3	3	3	1999	2009	2	2009	912.3331086
705	SVN	705	Slovenia	705	Final census	1	2010	3	3	3	2008	2010	2	2015	12.82923776
706	SOM	706	Somalia	706	Population estimate/projection	6	2005	3	0	0	2005	2012	0	1987	12401.69165
710	ZAF	710	South Africa	710	Final census	1	2011	6	6	6	2001	2011	3	2011	1588.211535
716	ZWE	716	Zimbabwe	716	Final census	1	2012	2	2	2	2002	2012	1	2012	9407.685029
724	ESP	724	Spain	724	Final census	1	2011	3	3	3	2001	2011	2	2011	197.8383264
728	SSD	728	South Sudan	728	Final census	1	2008	2	2	2	1983	2008	1	2008	15907.02626
729	SDN	0	Sudan	729	Final census	1	2008	2	2	0	1993	2008	1	2008	57595.72733
732	ESH	732	Western Sahara	732	Final census	1	2014	3	3	3	2004	2014	2	0	13529.92493
740	SUR	740	Suriname	740	Final census	1	2012	2	2	2	2004	2012	2	2012	20170.87622
744	SJM	0	Svalbard and Jan Mayen Islands	744	Population register	5	2010	0	0	0	2010	2013	0	2010	25632.14844
748	SWZ	748	Swaziland	748	Final census	1	2007	2	2	1	1997	2007	1	2007	416.4034543
752	SWE	752	Sweden	752	Population register	5	2010	3	3	2	2005	2010	2	2011	3958.551841
756	CHE	756	Switzerland	756	Final census	1	2010	3	3	3	2001	2010	3	2010	58.63479505
760	SYR	760	Syrian Arab Republic	760	Final census	1	2004	3	3	0	2004	2011	1	2004	4906.738
762	TJK	762	Tajikistan	762	Final census	1	2010	2	2	1	2000	2010	2	2010	11757.91548
764	THA	764	Thailand	764	Preliminary/provisional census	4	2010	2	1	1	2000	2010	1	2010	999.6177716
768	TGO	768	Togo	768	Final census	1	2010	2	2	2	2000	2010	2	2010	2846.940398
772	TKL	772	Tokelau	772	Final census	1	2011	1	0	0	2006	2011	0	2016	5.313261452
776	TON	776	Tonga	776	Final census	1	2011	1	1	1	2006	2011	1	2011	196.1326875
780	TTO	780	Trinidad and Tobago	780	Final census	1	2011	1	1	1	2000	2011	1	2011	593.61894
784	ARE	784	United Arab Emirates	784	Final census	1	2005	1	1	0	1995	2005	1	2010	58247.82604
788	TUN	788	Tunisia	788	Final census	1	2014	2	2	1	2004	2014	2	2010	6172.014801
792	TUR	792	Turkey	792	Population register	5	2010	2	2	2	2000	2010	2	2011	1364.731335
795	TKM	795	Turkmenistan	795	Population estimate/projection	6	2005	1	0	0	1995	2005	1	2012	95107.56897
796	TCA	796	Turks and Caicos Islands	796	Final census	1	2012	2	2	0	2001	2012	2	2012	187.6448902
798	TUV	798	Tuvalu	798	Final census	1	2012	3	3	3	2002	2012	1	2012	19.08916891
800	UGA	800	Uganda	800	Preliminary/provisional census	4	2014	3	3	0	2002	2014	1	2014	452.4544909
804	UKR	804	Ukraine	804	Population estimate/projection	6	2013	2	2	1	2001	2013	2	2001	1285.879364
807	MKD	807	The former Yugoslav Republic of Macedonia	807	Population estimate/projection	6	2010	2	2	2	2002	2010	2	2002	472.6103733
818	EGY	818	Egypt	818	Final census	1	2006	2	2	2	2006	2012	1	2006	78965.00963
826	GBR	826	United Kingdom of Great Britain and Northern Ireland	826	Final census	1	2011	6	6	6	2001	2011	2	2011	49.15835848
831	GGY	0	Guernsey	831	"Final census, population register, population estimate/projection"	3	2014	1	1	1	2007	2014	0	2015	6.997831728
832	JEY	0	Jersey	832	Final census	1	2011	1	1	1	2001	2011	1	2011	11.31135671
833	IMN	833	Isle of Man	833	Final census	1	2011	1	1	1	2006	2011	1	2016	34.89819368
834	TZA	834	United Republic of Tanzania	834	Final census	1	2012	3	3	2	2002	2012	2	2012	1779.602461
840	USA	840	United States of America	840	Final census	1	2010	5	5	5	2000	2010	2	2010	1090.861659
850	VIR	850	United States Virgin Islands	850	Final census	1	2010	2	2	2	2000	2010	2	2010	27.04298248
854	BFA	854	Burkina Faso	854	Final census	1	2006	3	3	1	1996	2006	3	2006	1448.735357
858	URY	858	Uruguay	858	Final census	1	2011	3	3	3	2004	2011	2	2011	316.4411896
860	UZB	860	Uzbekistan	860	Population register	5	2013	1	1	0	2003	2013	1	1989	90470.38366
862	VEN	862	Venezuela (Bolivarian Republic of)	862	Final census	1	2011	2	2	2	2001	2011	2	2011	20267.06784
876	WLF	876	Wallis and Futuna Islands	876	Final census	1	2008	2	2	2	2003	2008	2	2013	34.8594288
882	WSM	882	Western Samoa	882	Final census	1	2011	2	2	2	2001	2011	2	2016	114.2734864
887	YEM	887	Yemen	887	Final census	1	2004	2	2	2	2004	2012	1	2004	10769.60973
894	ZMB	894	Zambia	894	Final census	1	2010	3	3	2	2000	2010	3	2010	9631.248446
902	ATF	0	French Southern Territories	902	Not applicable	0	-9999	-9999	-9999	-9999	-9999	-9999	-9999	-9999	6939.791992
903	BVT	0	Bouvet Island	903	Not applicable	0	-9999	-9999	-9999	-9999	-9999	-9999	-9999	-9999	77.40554047
904	HMD	0	Heard Island and McDonald Islands	904	Not applicable	0	-9999	-9999	-9999	-9999	-9999	-9999	-9999	-9999	108.7130432
905	IOT	0	British Indian Ocean Territory	905	Not applicable	0	-9999	-9999	-9999	-9999	-9999	-9999	-9999	-9999	64.37323761
906	SGS	0	South Georgia and the South Sandwich Islands	906	Not applicable	0	-9999	-9999	-9999	-9999	-9999	-9999	-9999	-9999	1605.27771
907	SPR	0	Spratly Islands	907	Not applicable	0	-9999	-9999	-9999	-9999	-9999	-9999	-9999	-9999	1.886425853
908	UMI	0	United States Minor Outlying Islands	908	Not applicable	0	-9999	-9999	-9999	-9999	-9999	-9999	-9999	-9999	41.58976746
999	KOS	0	Kosovo	999	Final census	1	2011	1	1	1	2011	2012	1	2011	405.6424413
